header:
  seq: 0
  stamp:
    secs: 0
    nsecs: 0
  frame_id: camera_front_12mm
height: 1080
width: 1920
distortion_model: plumb_bob
D: [-0.6047096084888982, -0.33651305838786516, -0.002065266493430069, 0.0023805286421650224, 0.0]
K: [3977.8042094206958, 0.0, 931.7671305046392, 0.0, 3971.6008914025706, 504.4860298886031, 0.0, 0.0, 1.0]
R: [1.0, 0.0, 0.0, 0.0, 1.0, 0.0, 0.0, 0.0, 1.0]
binning_x: 0
binning_y: 0
roi:
  x_offset: 0
  y_offset: 0
  height: 0
  width: 0
  do_rectify: False
